 -4.9310068e-003
 -2.8954844e-004
 -2.9812711e-004
 -3.0603705e-004
 -3.1455978e-004
 -3.2243929e-004
 -3.3096577e-004
 -3.3881075e-004
 -3.4732976e-004
 -3.5520106e-004
 -3.6373778e-004
 -3.7162903e-004
 -3.8022013e-004
 -3.8809709e-004
 -3.9671961e-004
 -4.0454161e-004
 -4.1313141e-004
 -4.2077298e-004
 -4.2919386e-004
 -4.3646472e-004
 -4.4455159e-004
 -4.5127748e-004
 -4.5896576e-004
 -4.6506296e-004
 -4.7251222e-004
 -4.7821685e-004
 -4.8599698e-004
 -4.9194641e-004
 -5.0122706e-004
 -5.0768292e-004
 -5.1925335e-004
 -5.1820056e-004
 -5.2181673e-004
 -5.3384989e-004
 -5.3596974e-004
 -5.4322235e-004
 -5.4683657e-004
 -5.5276584e-004
 -5.5634235e-004
 -5.6142493e-004
 -5.6469119e-004
 -5.6904479e-004
 -5.7193382e-004
 -5.7562531e-004
 -5.7809453e-004
 -5.8118333e-004
 -5.8317137e-004
 -5.8560284e-004
 -5.8698143e-004
 -5.8863438e-004
 -5.8924577e-004
 -5.9000837e-004
 -5.8976611e-004
 -5.8961640e-004
 -5.8859761e-004
 -5.8775989e-004
 -5.8617718e-004
 -5.8490834e-004
 -5.8279461e-004
 -5.8065964e-004
 -5.7715267e-004
 -5.7309386e-004
 -5.6794876e-004
 -5.6642229e-004
 -5.5979192e-004
 -5.5483684e-004
 -5.4887923e-004
 -5.4261769e-004
 -5.3557887e-004
 -5.2829022e-004
 -5.2016499e-004
 -5.1178180e-004
 -5.0259565e-004
 -4.9312917e-004
 -4.8289059e-004
 -4.7237525e-004
 -4.6105056e-004
 -4.4941951e-004
 -4.3692676e-004
 -4.2408745e-004
 -4.1033028e-004
 -3.9621468e-004
 -3.8116020e-004
 -3.6578275e-004
 -3.4950766e-004
 -3.3301019e-004
 -3.1556402e-004
 -2.9793567e-004
 -2.7915282e-004
 -2.6001397e-004
 -2.3964037e-004
 -2.1912542e-004
 -1.9768453e-004
 -1.7681827e-004
 -1.5369843e-004
 -1.3017027e-004
 -1.0692579e-004
 -8.2029699e-005
 -5.7002302e-005
 -3.1004913e-005
 -4.4788843e-006
  2.2851393e-005
  5.0762750e-005
  7.9408716e-005
  1.0866847e-004
  1.3860172e-004
  1.6922349e-004
  2.0049586e-004
  2.3250152e-004
  2.6515004e-004
  2.9856273e-004
  3.3259330e-004
  3.6738223e-004
  4.0274553e-004
  4.3883406e-004
  4.7546239e-004
  5.1287951e-004
  5.5087585e-004
  5.8972469e-004
  6.2924672e-004
  6.6941918e-004
  7.1013746e-004
  7.5138748e-004
  7.9324804e-004
  8.3603822e-004
  8.7971883e-004
  9.2303669e-004
  9.6788419e-004
  1.0130293e-003
  1.0587506e-003
  1.1052287e-003
  1.1521837e-003
  1.1998173e-003
  1.2479229e-003
  1.2966925e-003
  1.3459068e-003
  1.3958087e-003
  1.4461391e-003
  1.4971325e-003
  1.5485481e-003
  1.6005947e-003
  1.6530369e-003
  1.7060563e-003
  1.7594452e-003
  1.8133647e-003
  1.8676636e-003
  1.9225183e-003
  1.9777881e-003
  2.0335566e-003
  2.0897595e-003
  2.1462422e-003
  2.2031112e-003
  2.2603310e-003
  2.3179716e-003
  2.3760521e-003
  2.4344819e-003
  2.4928480e-003
  2.5518362e-003
  2.6113100e-003
  2.6705438e-003
  2.7305640e-003
  2.7904467e-003
  2.8508125e-003
  2.9111621e-003
  2.9719240e-003
  3.0326733e-003
  3.0938014e-003
  3.1549070e-003
  3.2163156e-003
  3.2777007e-003
  3.3393229e-003
  3.4008905e-003
  3.4626266e-003
  3.5242866e-003
  3.5860754e-003
  3.6477947e-003
  3.7096409e-003
  3.7713992e-003
  3.8331936e-003
  3.8948632e-003
  3.9564546e-003
  4.0178753e-003
  4.0793754e-003
  4.1405770e-003
  4.2018436e-003
  4.2627157e-003
  4.3234833e-003
  4.3839820e-003
  4.4446536e-003
  4.5044823e-003
  4.5645700e-003
  4.6240818e-003
  4.6834125e-003
  4.7423520e-003
  4.8010693e-003
  4.8593454e-003
  4.9173712e-003
  4.9749197e-003
  5.0321541e-003
  5.0888948e-003
  5.1452728e-003
  5.2011032e-003
  5.2565302e-003
  5.3113764e-003
  5.3658081e-003
  5.4196366e-003
  5.4730446e-003
  5.5257834e-003
  5.5780343e-003
  5.6295628e-003
  5.6805838e-003
  5.7308231e-003
  5.7806893e-003
  5.8295962e-003
  5.8780617e-003
  5.9256236e-003
  5.9726119e-003
  6.0187836e-003
  6.0644554e-003
  6.1090013e-003
  6.1530104e-003
  6.1961883e-003
  6.2384370e-003
  6.2799931e-003
  6.3206902e-003
  6.3605252e-003
  6.3995352e-003
  6.4376279e-003
  6.4748769e-003
  6.5111813e-003
  6.5466269e-003
  6.5810634e-003
  6.6146403e-003
  6.6471811e-003
  6.6788760e-003
  6.7095064e-003
  6.7392846e-003
  6.7679366e-003
  6.7956991e-003
  6.8223158e-003
  6.8480569e-003
  6.8726136e-003
  6.8963560e-003
  6.9188140e-003
  6.9403578e-003
  6.9608281e-003
  6.9802029e-003
  6.9985547e-003
  7.0158745e-003
  7.0319753e-003
  7.0470134e-003
  7.0610613e-003
  7.0738313e-003
  7.0856460e-003
  7.0963536e-003
  7.1058544e-003
  7.1143395e-003
  7.1216107e-003
  7.1278577e-003
  7.1328869e-003
  7.1368844e-003
  7.1396295e-003
  7.1413644e-003
  7.1418621e-003
  7.1413644e-003
  7.1396295e-003
  7.1368844e-003
  7.1328869e-003
  7.1278577e-003
  7.1216107e-003
  7.1143395e-003
  7.1058544e-003
  7.0963536e-003
  7.0856460e-003
  7.0738313e-003
  7.0610613e-003
  7.0470134e-003
  7.0319753e-003
  7.0158745e-003
  6.9985547e-003
  6.9802029e-003
  6.9608281e-003
  6.9403578e-003
  6.9188140e-003
  6.8963560e-003
  6.8726136e-003
  6.8480569e-003
  6.8223158e-003
  6.7956991e-003
  6.7679366e-003
  6.7392846e-003
  6.7095064e-003
  6.6788760e-003
  6.6471811e-003
  6.6146403e-003
  6.5810634e-003
  6.5466269e-003
  6.5111813e-003
  6.4748769e-003
  6.4376279e-003
  6.3995352e-003
  6.3605252e-003
  6.3206902e-003
  6.2799931e-003
  6.2384370e-003
  6.1961883e-003
  6.1530104e-003
  6.1090013e-003
  6.0644554e-003
  6.0187836e-003
  5.9726119e-003
  5.9256236e-003
  5.8780617e-003
  5.8295962e-003
  5.7806893e-003
  5.7308231e-003
  5.6805838e-003
  5.6295628e-003
  5.5780343e-003
  5.5257834e-003
  5.4730446e-003
  5.4196366e-003
  5.3658081e-003
  5.3113764e-003
  5.2565302e-003
  5.2011032e-003
  5.1452728e-003
  5.0888948e-003
  5.0321541e-003
  4.9749197e-003
  4.9173712e-003
  4.8593454e-003
  4.8010693e-003
  4.7423520e-003
  4.6834125e-003
  4.6240818e-003
  4.5645700e-003
  4.5044823e-003
  4.4446536e-003
  4.3839820e-003
  4.3234833e-003
  4.2627157e-003
  4.2018436e-003
  4.1405770e-003
  4.0793754e-003
  4.0178753e-003
  3.9564546e-003
  3.8948632e-003
  3.8331936e-003
  3.7713992e-003
  3.7096409e-003
  3.6477947e-003
  3.5860754e-003
  3.5242866e-003
  3.4626266e-003
  3.4008905e-003
  3.3393229e-003
  3.2777007e-003
  3.2163156e-003
  3.1549070e-003
  3.0938014e-003
  3.0326733e-003
  2.9719240e-003
  2.9111621e-003
  2.8508125e-003
  2.7904467e-003
  2.7305640e-003
  2.6705438e-003
  2.6113100e-003
  2.5518362e-003
  2.4928480e-003
  2.4344819e-003
  2.3760521e-003
  2.3179716e-003
  2.2603310e-003
  2.2031112e-003
  2.1462422e-003
  2.0897595e-003
  2.0335566e-003
  1.9777881e-003
  1.9225183e-003
  1.8676636e-003
  1.8133647e-003
  1.7594452e-003
  1.7060563e-003
  1.6530369e-003
  1.6005947e-003
  1.5485481e-003
  1.4971325e-003
  1.4461391e-003
  1.3958087e-003
  1.3459068e-003
  1.2966925e-003
  1.2479229e-003
  1.1998173e-003
  1.1521837e-003
  1.1052287e-003
  1.0587506e-003
  1.0130293e-003
  9.6788419e-004
  9.2303669e-004
  8.7971883e-004
  8.3603822e-004
  7.9324804e-004
  7.5138748e-004
  7.1013746e-004
  6.6941918e-004
  6.2924672e-004
  5.8972469e-004
  5.5087585e-004
  5.1287951e-004
  4.7546239e-004
  4.3883406e-004
  4.0274553e-004
  3.6738223e-004
  3.3259330e-004
  2.9856273e-004
  2.6515004e-004
  2.3250152e-004
  2.0049586e-004
  1.6922349e-004
  1.3860172e-004
  1.0866847e-004
  7.9408716e-005
  5.0762750e-005
  2.2851393e-005
 -4.4788843e-006
 -3.1004913e-005
 -5.7002302e-005
 -8.2029699e-005
 -1.0692579e-004
 -1.3017027e-004
 -1.5369843e-004
 -1.7681827e-004
 -1.9768453e-004
 -2.1912542e-004
 -2.3964037e-004
 -2.6001397e-004
 -2.7915282e-004
 -2.9793567e-004
 -3.1556402e-004
 -3.3301019e-004
 -3.4950766e-004
 -3.6578275e-004
 -3.8116020e-004
 -3.9621468e-004
 -4.1033028e-004
 -4.2408745e-004
 -4.3692676e-004
 -4.4941951e-004
 -4.6105056e-004
 -4.7237525e-004
 -4.8289059e-004
 -4.9312917e-004
 -5.0259565e-004
 -5.1178180e-004
 -5.2016499e-004
 -5.2829022e-004
 -5.3557887e-004
 -5.4261769e-004
 -5.4887923e-004
 -5.5483684e-004
 -5.5979192e-004
 -5.6642229e-004
 -5.6794876e-004
 -5.7309386e-004
 -5.7715267e-004
 -5.8065964e-004
 -5.8279461e-004
 -5.8490834e-004
 -5.8617718e-004
 -5.8775989e-004
 -5.8859761e-004
 -5.8961640e-004
 -5.8976611e-004
 -5.9000837e-004
 -5.8924577e-004
 -5.8863438e-004
 -5.8698143e-004
 -5.8560284e-004
 -5.8317137e-004
 -5.8118333e-004
 -5.7809453e-004
 -5.7562531e-004
 -5.7193382e-004
 -5.6904479e-004
 -5.6469119e-004
 -5.6142493e-004
 -5.5634235e-004
 -5.5276584e-004
 -5.4683657e-004
 -5.4322235e-004
 -5.3596974e-004
 -5.3384989e-004
 -5.2181673e-004
 -5.1820056e-004
 -5.1925335e-004
 -5.0768292e-004
 -5.0122706e-004
 -4.9194641e-004
 -4.8599698e-004
 -4.7821685e-004
 -4.7251222e-004
 -4.6506296e-004
 -4.5896576e-004
 -4.5127748e-004
 -4.4455159e-004
 -4.3646472e-004
 -4.2919386e-004
 -4.2077298e-004
 -4.1313141e-004
 -4.0454161e-004
 -3.9671961e-004
 -3.8809709e-004
 -3.8022013e-004
 -3.7162903e-004
 -3.6373778e-004
 -3.5520106e-004
 -3.4732976e-004
 -3.3881075e-004
 -3.3096577e-004
 -3.2243929e-004
 -3.1455978e-004
 -3.0603705e-004
 -2.9812711e-004
 -2.8954844e-004
 -4.9310068e-003
